-1.026650905609130859e+00 1.252660751342773438e+00 1.999461822509765625e+02
-1.026650905609130859e+00 1.252660751342773438e+00 1.999461822509765625e+02
-1.026650905609130859e+00 1.252660751342773438e+00 1.999461822509765625e+02
-1.026650905609130859e+00 1.252660751342773438e+00 1.999461822509765625e+02
-1.026057720184326172e+00 1.238508224487304688e+00 1.999464263916015625e+02
-1.026057720184326172e+00 1.238508224487304688e+00 1.999464263916015625e+02
-1.026057720184326172e+00 1.238508224487304688e+00 1.999464263916015625e+02
-1.026057720184326172e+00 1.238508224487304688e+00 1.999464263916015625e+02
-1.026163458824157715e+00 1.222040176391601562e+00 1.999462738037109375e+02
-1.026163458824157715e+00 1.222040176391601562e+00 1.999462738037109375e+02
-1.026163458824157715e+00 1.222040176391601562e+00 1.999462738037109375e+02
-1.026705384254455566e+00 1.206230163574218750e+00 1.999459991455078125e+02
-1.026705384254455566e+00 1.206230163574218750e+00 1.999459991455078125e+02
-1.026705384254455566e+00 1.206230163574218750e+00 1.999459991455078125e+02
-1.026705384254455566e+00 1.206230163574218750e+00 1.999459991455078125e+02
-1.026225566864013672e+00 1.189773559570312500e+00 1.999460601806640625e+02
-1.026225566864013672e+00 1.189773559570312500e+00 1.999460601806640625e+02
-1.026225566864013672e+00 1.189773559570312500e+00 1.999460601806640625e+02
-1.026225566864013672e+00 1.189773559570312500e+00 1.999460601806640625e+02
-1.026633143424987793e+00 1.175727844238281250e+00 1.999459533691406250e+02
-1.026633143424987793e+00 1.175727844238281250e+00 1.999459533691406250e+02
-1.026633143424987793e+00 1.175727844238281250e+00 1.999459533691406250e+02
-1.026397943496704102e+00 1.159400939941406250e+00 1.999453887939453125e+02
-1.026397943496704102e+00 1.159400939941406250e+00 1.999453887939453125e+02
-1.026397943496704102e+00 1.159400939941406250e+00 1.999453887939453125e+02
-1.026397943496704102e+00 1.159400939941406250e+00 1.999453887939453125e+02
-1.026930928230285645e+00 1.144195556640625000e+00 1.999456939697265625e+02
-1.026930928230285645e+00 1.144195556640625000e+00 1.999456939697265625e+02
-1.026930928230285645e+00 1.144195556640625000e+00 1.999456939697265625e+02
-1.026930928230285645e+00 1.144195556640625000e+00 1.999456939697265625e+02
-1.026573777198791504e+00 1.126136779785156250e+00 1.999451599121093750e+02
-1.026573777198791504e+00 1.126136779785156250e+00 1.999451599121093750e+02
-1.026573777198791504e+00 1.126136779785156250e+00 1.999451599121093750e+02
-1.026573777198791504e+00 1.126136779785156250e+00 1.999451599121093750e+02
-1.026539444923400879e+00 1.109966278076171875e+00 1.999451599121093750e+02
-1.026539444923400879e+00 1.109966278076171875e+00 1.999451599121093750e+02
-1.026539444923400879e+00 1.109966278076171875e+00 1.999451599121093750e+02
-1.026386737823486328e+00 1.095479965209960938e+00 1.999454193115234375e+02
-1.026386737823486328e+00 1.095479965209960938e+00 1.999454193115234375e+02
-1.026386737823486328e+00 1.095479965209960938e+00 1.999454193115234375e+02
-1.026386737823486328e+00 1.095479965209960938e+00 1.999454193115234375e+02
-1.026724576950073242e+00 1.081310272216796875e+00 1.999454040527343750e+02
-1.026724576950073242e+00 1.081310272216796875e+00 1.999454040527343750e+02
-1.026724576950073242e+00 1.081310272216796875e+00 1.999454040527343750e+02
-1.026724576950073242e+00 1.081310272216796875e+00 1.999454040527343750e+02
-1.026410579681396484e+00 1.063650131225585938e+00 1.999455566406250000e+02
-1.026410579681396484e+00 1.063650131225585938e+00 1.999455566406250000e+02
-1.026410579681396484e+00 1.063650131225585938e+00 1.999455566406250000e+02
-1.026410579681396484e+00 1.063650131225585938e+00 1.999455566406250000e+02
-1.026939392089843750e+00 1.048563003540039062e+00 1.999455108642578125e+02
-1.026939392089843750e+00 1.048563003540039062e+00 1.999455108642578125e+02
-1.026939392089843750e+00 1.048563003540039062e+00 1.999455108642578125e+02
-1.026855111122131348e+00 1.032197952270507812e+00 1.999450836181640625e+02
-1.026855111122131348e+00 1.032197952270507812e+00 1.999450836181640625e+02
-1.026855111122131348e+00 1.032197952270507812e+00 1.999450836181640625e+02
-1.026855111122131348e+00 1.032197952270507812e+00 1.999450836181640625e+02
-1.026822447776794434e+00 1.016302108764648438e+00 1.999453125000000000e+02
-1.026822447776794434e+00 1.016302108764648438e+00 1.999453125000000000e+02
-1.026822447776794434e+00 1.016302108764648438e+00 1.999453125000000000e+02
-1.026822447776794434e+00 1.016302108764648438e+00 1.999453125000000000e+02
-1.026801705360412598e+00 1.000310897827148438e+00 1.999448547363281250e+02
-1.026801705360412598e+00 1.000310897827148438e+00 1.999448547363281250e+02
-1.026801705360412598e+00 1.000310897827148438e+00 1.999448547363281250e+02
-1.026801705360412598e+00 1.000310897827148438e+00 1.999448547363281250e+02
-1.026922583580017090e+00 9.847335815429687500e-01 1.999452056884765625e+02
-1.026922583580017090e+00 9.847335815429687500e-01 1.999452056884765625e+02
-1.026922583580017090e+00 9.847335815429687500e-01 1.999452056884765625e+02
-1.026922583580017090e+00 9.847335815429687500e-01 1.999452056884765625e+02
-1.027237772941589355e+00 9.730052947998046875e-01 1.999449462890625000e+02
-1.027237772941589355e+00 9.730052947998046875e-01 1.999449462890625000e+02
-1.027237772941589355e+00 9.730052947998046875e-01 1.999449462890625000e+02
-1.027064919471740723e+00 9.580001831054687500e-01 1.999452209472656250e+02
-1.027064919471740723e+00 9.580001831054687500e-01 1.999452209472656250e+02
-1.027064919471740723e+00 9.580001831054687500e-01 1.999452209472656250e+02
-1.027064919471740723e+00 9.580001831054687500e-01 1.999452209472656250e+02
-1.026855587959289551e+00 9.401073455810546875e-01 1.999445037841796875e+02
-1.026855587959289551e+00 9.401073455810546875e-01 1.999445037841796875e+02
-1.026855587959289551e+00 9.401073455810546875e-01 1.999445037841796875e+02
-1.026855587959289551e+00 9.401073455810546875e-01 1.999445037841796875e+02
-1.026872873306274414e+00 9.258651733398437500e-01 1.999445037841796875e+02
-1.026872873306274414e+00 9.258651733398437500e-01 1.999445037841796875e+02
-1.026872873306274414e+00 9.258651733398437500e-01 1.999445037841796875e+02
-1.026872873306274414e+00 9.258651733398437500e-01 1.999445037841796875e+02
-1.026683449745178223e+00 9.089946746826171875e-01 1.999448242187500000e+02
-1.026683449745178223e+00 9.089946746826171875e-01 1.999448242187500000e+02
-1.026683449745178223e+00 9.089946746826171875e-01 1.999448242187500000e+02
-1.026757836341857910e+00 8.944053649902343750e-01 1.999450683593750000e+02
-1.026757836341857910e+00 8.944053649902343750e-01 1.999450683593750000e+02
-1.026757836341857910e+00 8.944053649902343750e-01 1.999450683593750000e+02
-1.026757836341857910e+00 8.944053649902343750e-01 1.999450683593750000e+02
-1.026752829551696777e+00 8.782520294189453125e-01 1.999453430175781250e+02
-1.026752829551696777e+00 8.782520294189453125e-01 1.999453430175781250e+02
-1.026752829551696777e+00 8.782520294189453125e-01 1.999453430175781250e+02
-1.026752829551696777e+00 8.782520294189453125e-01 1.999453430175781250e+02
-1.027311682701110840e+00 8.608570098876953125e-01 1.999448394775390625e+02
-1.027311682701110840e+00 8.608570098876953125e-01 1.999448394775390625e+02
-1.027311682701110840e+00 8.608570098876953125e-01 1.999448394775390625e+02
-1.027311682701110840e+00 8.608570098876953125e-01 1.999448394775390625e+02
-1.026791572570800781e+00 8.473014831542968750e-01 1.999445343017578125e+02
-1.026791572570800781e+00 8.473014831542968750e-01 1.999445343017578125e+02
-1.026791572570800781e+00 8.473014831542968750e-01 1.999445343017578125e+02
-1.026947736740112305e+00 8.309459686279296875e-01 1.999450683593750000e+02
-1.026947736740112305e+00 8.309459686279296875e-01 1.999450683593750000e+02
-1.026947736740112305e+00 8.309459686279296875e-01 1.999450683593750000e+02
-1.026947736740112305e+00 8.309459686279296875e-01 1.999450683593750000e+02
-1.027363300323486328e+00 8.168792724609375000e-01 1.999449920654296875e+02
-1.027363300323486328e+00 8.168792724609375000e-01 1.999449920654296875e+02
-1.027363300323486328e+00 8.168792724609375000e-01 1.999449920654296875e+02
-1.027363300323486328e+00 8.168792724609375000e-01 1.999449920654296875e+02
-1.026714682579040527e+00 8.067874908447265625e-01 1.999443969726562500e+02
-1.026714682579040527e+00 8.067874908447265625e-01 1.999443969726562500e+02
-1.026714682579040527e+00 8.067874908447265625e-01 1.999443969726562500e+02
-1.026714682579040527e+00 8.067874908447265625e-01 1.999443969726562500e+02
-1.027024626731872559e+00 7.822151184082031250e-01 1.999447937011718750e+02
-1.027024626731872559e+00 7.822151184082031250e-01 1.999447937011718750e+02
-1.027024626731872559e+00 7.822151184082031250e-01 1.999447937011718750e+02
-1.027081966400146484e+00 7.711582183837890625e-01 1.999448547363281250e+02
-1.027081966400146484e+00 7.711582183837890625e-01 1.999448547363281250e+02
-1.027081966400146484e+00 7.711582183837890625e-01 1.999448547363281250e+02
-1.027081966400146484e+00 7.711582183837890625e-01 1.999448547363281250e+02
-1.027041196823120117e+00 7.558765411376953125e-01 1.999444580078125000e+02
-1.027041196823120117e+00 7.558765411376953125e-01 1.999444580078125000e+02
-1.027041196823120117e+00 7.558765411376953125e-01 1.999444580078125000e+02
-1.027041196823120117e+00 7.558765411376953125e-01 1.999444580078125000e+02
-1.026932120323181152e+00 7.398681640625000000e-01 1.999445190429687500e+02
-1.026932120323181152e+00 7.398681640625000000e-01 1.999445190429687500e+02
-1.026932120323181152e+00 7.398681640625000000e-01 1.999445190429687500e+02
-1.026932120323181152e+00 7.398681640625000000e-01 1.999445190429687500e+02
-1.027308940887451172e+00 7.225952148437500000e-01 1.999440155029296875e+02
-1.027308940887451172e+00 7.225952148437500000e-01 1.999440155029296875e+02
-1.027308940887451172e+00 7.225952148437500000e-01 1.999440155029296875e+02
-1.027558684349060059e+00 7.063713073730468750e-01 1.999438934326171875e+02
-1.027558684349060059e+00 7.063713073730468750e-01 1.999438934326171875e+02
-1.027558684349060059e+00 7.063713073730468750e-01 1.999438934326171875e+02
-1.027558684349060059e+00 7.063713073730468750e-01 1.999438934326171875e+02
-1.027965545654296875e+00 6.907081604003906250e-01 1.999441375732421875e+02
-1.027965545654296875e+00 6.907081604003906250e-01 1.999441375732421875e+02
-1.027965545654296875e+00 6.907081604003906250e-01 1.999441375732421875e+02
-1.027965545654296875e+00 6.907081604003906250e-01 1.999441375732421875e+02
-1.027576088905334473e+00 6.746234893798828125e-01 1.999440460205078125e+02
-1.027576088905334473e+00 6.746234893798828125e-01 1.999440460205078125e+02
-1.027576088905334473e+00 6.746234893798828125e-01 1.999440460205078125e+02
-1.027576088905334473e+00 6.746234893798828125e-01 1.999440460205078125e+02
-1.027145981788635254e+00 6.580276489257812500e-01 1.999437408447265625e+02
-1.027145981788635254e+00 6.580276489257812500e-01 1.999437408447265625e+02
-1.027145981788635254e+00 6.580276489257812500e-01 1.999437408447265625e+02
-1.027145981788635254e+00 6.580276489257812500e-01 1.999437408447265625e+02
-1.027777791023254395e+00 6.449069976806640625e-01 1.999436950683593750e+02
-1.027777791023254395e+00 6.449069976806640625e-01 1.999436950683593750e+02
-1.027777791023254395e+00 6.449069976806640625e-01 1.999436950683593750e+02
-1.027685642242431641e+00 6.255798339843750000e-01 1.999438476562500000e+02
-1.027685642242431641e+00 6.255798339843750000e-01 1.999438476562500000e+02
-1.027685642242431641e+00 6.255798339843750000e-01 1.999438476562500000e+02
-1.027685642242431641e+00 6.255798339843750000e-01 1.999438476562500000e+02
-1.027473688125610352e+00 6.098899841308593750e-01 1.999440307617187500e+02
-1.027473688125610352e+00 6.098899841308593750e-01 1.999440307617187500e+02
-1.027473688125610352e+00 6.098899841308593750e-01 1.999440307617187500e+02
-1.027473688125610352e+00 6.098899841308593750e-01 1.999440307617187500e+02
-1.027187824249267578e+00 5.995883941650390625e-01 1.999443206787109375e+02
-1.027187824249267578e+00 5.995883941650390625e-01 1.999443206787109375e+02
-1.027187824249267578e+00 5.995883941650390625e-01 1.999443206787109375e+02
-1.027187824249267578e+00 5.995883941650390625e-01 1.999443206787109375e+02
-1.027334690093994141e+00 5.798587799072265625e-01 1.999439544677734375e+02
-1.027334690093994141e+00 5.798587799072265625e-01 1.999439544677734375e+02
-1.027334690093994141e+00 5.798587799072265625e-01 1.999439544677734375e+02
-1.027297496795654297e+00 5.635490417480468750e-01 1.999440155029296875e+02
-1.027297496795654297e+00 5.635490417480468750e-01 1.999440155029296875e+02
-1.027297496795654297e+00 5.635490417480468750e-01 1.999440155029296875e+02
-1.027297496795654297e+00 5.635490417480468750e-01 1.999440155029296875e+02
-1.027455568313598633e+00 5.504875183105468750e-01 1.999439544677734375e+02
-1.027455568313598633e+00 5.504875183105468750e-01 1.999439544677734375e+02
-1.027455568313598633e+00 5.504875183105468750e-01 1.999439544677734375e+02
-1.027455568313598633e+00 5.504875183105468750e-01 1.999439544677734375e+02
-1.027641415596008301e+00 5.375804901123046875e-01 1.999438629150390625e+02
-1.027641415596008301e+00 5.375804901123046875e-01 1.999438629150390625e+02
-1.027641415596008301e+00 5.375804901123046875e-01 1.999438629150390625e+02
-1.027641415596008301e+00 5.375804901123046875e-01 1.999438629150390625e+02
-1.027543306350708008e+00 5.186290740966796875e-01 1.999437255859375000e+02
-1.027543306350708008e+00 5.186290740966796875e-01 1.999437255859375000e+02
-1.027543306350708008e+00 5.186290740966796875e-01 1.999437255859375000e+02
-1.027567028999328613e+00 5.037021636962890625e-01 1.999431304931640625e+02
-1.027567028999328613e+00 5.037021636962890625e-01 1.999431304931640625e+02
-1.027567028999328613e+00 5.037021636962890625e-01 1.999431304931640625e+02
-1.027567028999328613e+00 5.037021636962890625e-01 1.999431304931640625e+02
-1.027678132057189941e+00 4.893474578857421875e-01 1.999436035156250000e+02
-1.027678132057189941e+00 4.893474578857421875e-01 1.999436035156250000e+02
-1.027678132057189941e+00 4.893474578857421875e-01 1.999436035156250000e+02
-1.027678132057189941e+00 4.893474578857421875e-01 1.999436035156250000e+02
-1.027780175209045410e+00 4.723339080810546875e-01 1.999438018798828125e+02
-1.027780175209045410e+00 4.723339080810546875e-01 1.999438018798828125e+02
-1.027780175209045410e+00 4.723339080810546875e-01 1.999438018798828125e+02
-1.027780175209045410e+00 4.723339080810546875e-01 1.999438018798828125e+02
-1.027329087257385254e+00 4.608898162841796875e-01 1.999433593750000000e+02
-1.027329087257385254e+00 4.608898162841796875e-01 1.999433593750000000e+02
-1.027329087257385254e+00 4.608898162841796875e-01 1.999433593750000000e+02
-1.027329087257385254e+00 4.608898162841796875e-01 1.999433593750000000e+02
-1.027731060981750488e+00 4.413642883300781250e-01 1.999431610107421875e+02
-1.027731060981750488e+00 4.413642883300781250e-01 1.999431610107421875e+02
-1.027731060981750488e+00 4.413642883300781250e-01 1.999431610107421875e+02
-1.027775287628173828e+00 4.260082244873046875e-01 1.999436340332031250e+02
-1.027775287628173828e+00 4.260082244873046875e-01 1.999436340332031250e+02
-1.027775287628173828e+00 4.260082244873046875e-01 1.999436340332031250e+02
-1.027775287628173828e+00 4.260082244873046875e-01 1.999436340332031250e+02
-1.027476668357849121e+00 4.116821289062500000e-01 1.999433441162109375e+02
-1.027476668357849121e+00 4.116821289062500000e-01 1.999433441162109375e+02
-1.027476668357849121e+00 4.116821289062500000e-01 1.999433441162109375e+02
-1.027476668357849121e+00 4.116821289062500000e-01 1.999433441162109375e+02
-1.027460932731628418e+00 3.949718475341796875e-01 1.999435119628906250e+02
-1.027460932731628418e+00 3.949718475341796875e-01 1.999435119628906250e+02
-1.027460932731628418e+00 3.949718475341796875e-01 1.999435119628906250e+02
-1.027460932731628418e+00 3.949718475341796875e-01 1.999435119628906250e+02
-1.027922272682189941e+00 3.790779113769531250e-01 1.999433746337890625e+02
-1.027922272682189941e+00 3.790779113769531250e-01 1.999433746337890625e+02
-1.027922272682189941e+00 3.790779113769531250e-01 1.999433746337890625e+02
-1.027922272682189941e+00 3.790779113769531250e-01 1.999433746337890625e+02
-1.028162598609924316e+00 3.663978576660156250e-01 1.999434814453125000e+02
-1.028162598609924316e+00 3.663978576660156250e-01 1.999434814453125000e+02
-1.028162598609924316e+00 3.663978576660156250e-01 1.999434814453125000e+02
-1.028040766716003418e+00 3.526458740234375000e-01 1.999433898925781250e+02
-1.028040766716003418e+00 3.526458740234375000e-01 1.999433898925781250e+02
-1.028040766716003418e+00 3.526458740234375000e-01 1.999433898925781250e+02
-1.028040766716003418e+00 3.526458740234375000e-01 1.999433898925781250e+02
-1.027683138847351074e+00 3.319377899169921875e-01 1.999425506591796875e+02
-1.027683138847351074e+00 3.319377899169921875e-01 1.999425506591796875e+02
-1.027683138847351074e+00 3.319377899169921875e-01 1.999425506591796875e+02
-1.027683138847351074e+00 3.319377899169921875e-01 1.999425506591796875e+02
-1.027632951736450195e+00 3.185157775878906250e-01 1.999428253173828125e+02
-1.027632951736450195e+00 3.185157775878906250e-01 1.999428253173828125e+02
-1.027632951736450195e+00 3.185157775878906250e-01 1.999428253173828125e+02
-1.027632951736450195e+00 3.185157775878906250e-01 1.999428253173828125e+02
-1.028014540672302246e+00 3.028602600097656250e-01 1.999429779052734375e+02
-1.028014540672302246e+00 3.028602600097656250e-01 1.999429779052734375e+02
-1.028014540672302246e+00 3.028602600097656250e-01 1.999429779052734375e+02
-1.028658628463745117e+00 2.877731323242187500e-01 1.999428100585937500e+02
-1.028658628463745117e+00 2.877731323242187500e-01 1.999428100585937500e+02
-1.028658628463745117e+00 2.877731323242187500e-01 1.999428100585937500e+02
-1.028658628463745117e+00 2.877731323242187500e-01 1.999428100585937500e+02
-1.028359293937683105e+00 2.740364074707031250e-01 1.999425506591796875e+02
-1.028359293937683105e+00 2.740364074707031250e-01 1.999425506591796875e+02
-1.028359293937683105e+00 2.740364074707031250e-01 1.999425506591796875e+02
-1.028359293937683105e+00 2.740364074707031250e-01 1.999425506591796875e+02
-1.028269648551940918e+00 2.545509338378906250e-01 1.999426116943359375e+02
-1.028269648551940918e+00 2.545509338378906250e-01 1.999426116943359375e+02
-1.028269648551940918e+00 2.545509338378906250e-01 1.999426116943359375e+02
-1.028269648551940918e+00 2.545509338378906250e-01 1.999426116943359375e+02
-1.028270483016967773e+00 2.373332977294921875e-01 1.999430084228515625e+02
-1.028270483016967773e+00 2.373332977294921875e-01 1.999430084228515625e+02
-1.028270483016967773e+00 2.373332977294921875e-01 1.999430084228515625e+02
-1.028270483016967773e+00 2.373332977294921875e-01 1.999430084228515625e+02
-1.028086185455322266e+00 2.259597778320312500e-01 1.999433593750000000e+02
-1.028086185455322266e+00 2.259597778320312500e-01 1.999433593750000000e+02
-1.028086185455322266e+00 2.259597778320312500e-01 1.999433593750000000e+02
-1.028573513031005859e+00 2.114257812500000000e-01 1.999430236816406250e+02
-1.028573513031005859e+00 2.114257812500000000e-01 1.999430236816406250e+02
-1.028573513031005859e+00 2.114257812500000000e-01 1.999430236816406250e+02
-1.028573513031005859e+00 2.114257812500000000e-01 1.999430236816406250e+02
-1.028362393379211426e+00 1.927127838134765625e-01 1.999430389404296875e+02
-1.028362393379211426e+00 1.927127838134765625e-01 1.999430389404296875e+02
-1.028362393379211426e+00 1.927127838134765625e-01 1.999430389404296875e+02
-1.028362393379211426e+00 1.927127838134765625e-01 1.999430389404296875e+02
-1.028525948524475098e+00 1.735877990722656250e-01 1.999423370361328125e+02
-1.028525948524475098e+00 1.735877990722656250e-01 1.999423370361328125e+02
-1.028525948524475098e+00 1.735877990722656250e-01 1.999423370361328125e+02
-1.028525948524475098e+00 1.735877990722656250e-01 1.999423370361328125e+02
-1.028647422790527344e+00 1.607666015625000000e-01 1.999423065185546875e+02
-1.028647422790527344e+00 1.607666015625000000e-01 1.999423065185546875e+02
-1.028647422790527344e+00 1.607666015625000000e-01 1.999423065185546875e+02
-1.028647422790527344e+00 1.607666015625000000e-01 1.999423065185546875e+02
-1.028650164604187012e+00 1.461925506591796875e-01 1.999423065185546875e+02
-1.028650164604187012e+00 1.461925506591796875e-01 1.999423065185546875e+02
-1.028650164604187012e+00 1.461925506591796875e-01 1.999423065185546875e+02
-1.028491854667663574e+00 1.295242309570312500e-01 1.999426727294921875e+02
-1.028491854667663574e+00 1.295242309570312500e-01 1.999426727294921875e+02
-1.028491854667663574e+00 1.295242309570312500e-01 1.999426727294921875e+02
-1.028491854667663574e+00 1.295242309570312500e-01 1.999426727294921875e+02
-1.028270244598388672e+00 1.172618865966796875e-01 1.999427490234375000e+02
-1.028270244598388672e+00 1.172618865966796875e-01 1.999427490234375000e+02
-1.028270244598388672e+00 1.172618865966796875e-01 1.999427490234375000e+02
-1.028270244598388672e+00 1.172618865966796875e-01 1.999427490234375000e+02
-1.028391838073730469e+00 1.020488739013671875e-01 1.999427337646484375e+02
-1.028391838073730469e+00 1.020488739013671875e-01 1.999427337646484375e+02
-1.028391838073730469e+00 1.020488739013671875e-01 1.999427337646484375e+02
-1.028391838073730469e+00 1.020488739013671875e-01 1.999427337646484375e+02
-1.027983665466308594e+00 8.462333679199218750e-02 1.999424285888671875e+02
-1.027983665466308594e+00 8.462333679199218750e-02 1.999424285888671875e+02
-1.027983665466308594e+00 8.462333679199218750e-02 1.999424285888671875e+02
-1.027983665466308594e+00 8.462333679199218750e-02 1.999424285888671875e+02
-1.028167247772216797e+00 6.938171386718750000e-02 1.999423217773437500e+02
-1.028167247772216797e+00 6.938171386718750000e-02 1.999423217773437500e+02
-1.028167247772216797e+00 6.938171386718750000e-02 1.999423217773437500e+02
-1.028717279434204102e+00 5.198669433593750000e-02 1.999428100585937500e+02
-1.028717279434204102e+00 5.198669433593750000e-02 1.999428100585937500e+02
-1.028717279434204102e+00 5.198669433593750000e-02 1.999428100585937500e+02
-1.028717279434204102e+00 5.198669433593750000e-02 1.999428100585937500e+02
-1.028569936752319336e+00 3.699874877929687500e-02 1.999423675537109375e+02
-1.028569936752319336e+00 3.699874877929687500e-02 1.999423675537109375e+02
-1.028569936752319336e+00 3.699874877929687500e-02 1.999423675537109375e+02
-1.028569936752319336e+00 3.699874877929687500e-02 1.999423675537109375e+02
-1.028197407722473145e+00 2.234268188476562500e-02 1.999419403076171875e+02
-1.028197407722473145e+00 2.234268188476562500e-02 1.999419403076171875e+02
-1.028197407722473145e+00 2.234268188476562500e-02 1.999419403076171875e+02
-1.028197407722473145e+00 2.234268188476562500e-02 1.999419403076171875e+02
-1.029150009155273438e+00 8.493423461914062500e-03 1.999421539306640625e+02
-1.029150009155273438e+00 8.493423461914062500e-03 1.999421539306640625e+02
-1.029150009155273438e+00 8.493423461914062500e-03 1.999421539306640625e+02
-1.029150009155273438e+00 8.493423461914062500e-03 1.999421539306640625e+02
-1.029281973838806152e+00 -1.024246215820312500e-02 1.999420623779296875e+02
-1.029281973838806152e+00 -1.024246215820312500e-02 1.999420623779296875e+02
-1.029281973838806152e+00 -1.024246215820312500e-02 1.999420623779296875e+02
-1.028830647468566895e+00 -2.590370178222656250e-02 1.999420928955078125e+02
-1.028830647468566895e+00 -2.590370178222656250e-02 1.999420928955078125e+02
-1.028830647468566895e+00 -2.590370178222656250e-02 1.999420928955078125e+02
-1.028830647468566895e+00 -2.590370178222656250e-02 1.999420928955078125e+02
-1.028648853302001953e+00 -4.327011108398437500e-02 1.999425201416015625e+02
-1.028648853302001953e+00 -4.327011108398437500e-02 1.999425201416015625e+02
-1.028648853302001953e+00 -4.327011108398437500e-02 1.999425201416015625e+02
-1.028648853302001953e+00 -4.327011108398437500e-02 1.999425201416015625e+02
-1.028995871543884277e+00 -5.468750000000000000e-02 1.999422149658203125e+02
-1.028995871543884277e+00 -5.468750000000000000e-02 1.999422149658203125e+02
-1.028995871543884277e+00 -5.468750000000000000e-02 1.999422149658203125e+02
-1.028995871543884277e+00 -5.468750000000000000e-02 1.999422149658203125e+02
-1.028622388839721680e+00 -7.041358947753906250e-02 1.999417419433593750e+02
-1.028622388839721680e+00 -7.041358947753906250e-02 1.999417419433593750e+02
-1.028622388839721680e+00 -7.041358947753906250e-02 1.999417419433593750e+02
-1.028622388839721680e+00 -7.041358947753906250e-02 1.999417419433593750e+02
-1.028773427009582520e+00 -8.728981018066406250e-02 1.999417724609375000e+02
-1.028773427009582520e+00 -8.728981018066406250e-02 1.999417724609375000e+02
-1.028773427009582520e+00 -8.728981018066406250e-02 1.999417724609375000e+02
-1.029000878334045410e+00 -1.039161682128906250e-01 1.999418640136718750e+02
-1.029000878334045410e+00 -1.039161682128906250e-01 1.999418640136718750e+02
-1.029000878334045410e+00 -1.039161682128906250e-01 1.999418640136718750e+02
-1.029000878334045410e+00 -1.039161682128906250e-01 1.999418640136718750e+02
-1.028731465339660645e+00 -1.139774322509765625e-01 1.999417114257812500e+02
-1.028731465339660645e+00 -1.139774322509765625e-01 1.999417114257812500e+02
-1.028731465339660645e+00 -1.139774322509765625e-01 1.999417114257812500e+02
-1.028731465339660645e+00 -1.139774322509765625e-01 1.999417114257812500e+02
-1.028399229049682617e+00 -1.308479309082031250e-01 1.999417724609375000e+02
-1.028399229049682617e+00 -1.308479309082031250e-01 1.999417724609375000e+02
-1.028399229049682617e+00 -1.308479309082031250e-01 1.999417724609375000e+02
-1.028399229049682617e+00 -1.308479309082031250e-01 1.999417724609375000e+02
-1.028580069541931152e+00 -1.477375030517578125e-01 1.999421386718750000e+02
-1.028580069541931152e+00 -1.477375030517578125e-01 1.999421386718750000e+02
-1.028580069541931152e+00 -1.477375030517578125e-01 1.999421386718750000e+02
-1.028580069541931152e+00 -1.477375030517578125e-01 1.999421386718750000e+02
-1.029306888580322266e+00 -1.662616729736328125e-01 1.999408416748046875e+02
-1.029306888580322266e+00 -1.662616729736328125e-01 1.999408416748046875e+02
-1.029306888580322266e+00 -1.662616729736328125e-01 1.999408416748046875e+02
-1.028796672821044922e+00 -1.796398162841796875e-01 1.999417724609375000e+02
-1.028796672821044922e+00 -1.796398162841796875e-01 1.999417724609375000e+02
-1.028796672821044922e+00 -1.796398162841796875e-01 1.999417724609375000e+02
-1.028796672821044922e+00 -1.796398162841796875e-01 1.999417724609375000e+02
-1.028582572937011719e+00 -1.952362060546875000e-01 1.999414978027343750e+02
-1.028582572937011719e+00 -1.952362060546875000e-01 1.999414978027343750e+02
-1.028582572937011719e+00 -1.952362060546875000e-01 1.999414978027343750e+02
-1.028582572937011719e+00 -1.952362060546875000e-01 1.999414978027343750e+02
-1.028644442558288574e+00 -2.104530334472656250e-01 1.999417724609375000e+02
-1.028644442558288574e+00 -2.104530334472656250e-01 1.999417724609375000e+02
-1.028644442558288574e+00 -2.104530334472656250e-01 1.999417724609375000e+02
-1.028644442558288574e+00 -2.104530334472656250e-01 1.999417724609375000e+02
-1.028857231140136719e+00 -2.312088012695312500e-01 1.999416046142578125e+02
-1.028857231140136719e+00 -2.312088012695312500e-01 1.999416046142578125e+02
-1.028857231140136719e+00 -2.312088012695312500e-01 1.999416046142578125e+02
-1.028857231140136719e+00 -2.312088012695312500e-01 1.999416046142578125e+02
-1.029471755027770996e+00 -2.478084564208984375e-01 1.999414520263671875e+02
-1.029471755027770996e+00 -2.478084564208984375e-01 1.999414520263671875e+02
-1.029471755027770996e+00 -2.478084564208984375e-01 1.999414520263671875e+02
-1.029128551483154297e+00 -2.579936981201171875e-01 1.999411773681640625e+02
-1.029128551483154297e+00 -2.579936981201171875e-01 1.999411773681640625e+02
-1.029128551483154297e+00 -2.579936981201171875e-01 1.999411773681640625e+02
-1.029128551483154297e+00 -2.579936981201171875e-01 1.999411773681640625e+02
-1.029228687286376953e+00 -2.720680236816406250e-01 1.999410400390625000e+02
-1.029228687286376953e+00 -2.720680236816406250e-01 1.999410400390625000e+02
-1.029228687286376953e+00 -2.720680236816406250e-01 1.999410400390625000e+02
-1.029228687286376953e+00 -2.720680236816406250e-01 1.999410400390625000e+02
-1.029217958450317383e+00 -2.887248992919921875e-01 1.999411773681640625e+02
-1.029217958450317383e+00 -2.887248992919921875e-01 1.999411773681640625e+02
-1.029217958450317383e+00 -2.887248992919921875e-01 1.999411773681640625e+02
-1.029217958450317383e+00 -2.887248992919921875e-01 1.999411773681640625e+02
-1.028921604156494141e+00 -3.044700622558593750e-01 1.999411468505859375e+02
-1.028921604156494141e+00 -3.044700622558593750e-01 1.999411468505859375e+02
-1.028921604156494141e+00 -3.044700622558593750e-01 1.999411468505859375e+02
-1.028921604156494141e+00 -3.044700622558593750e-01 1.999411468505859375e+02
-1.029368042945861816e+00 -3.192138671875000000e-01 1.999408416748046875e+02
-1.029368042945861816e+00 -3.192138671875000000e-01 1.999408416748046875e+02
-1.029368042945861816e+00 -3.192138671875000000e-01 1.999408416748046875e+02
-1.029368042945861816e+00 -3.192138671875000000e-01 1.999408416748046875e+02
-1.029464721679687500e+00 -3.362617492675781250e-01 1.999407501220703125e+02
-1.029464721679687500e+00 -3.362617492675781250e-01 1.999407501220703125e+02
-1.029464721679687500e+00 -3.362617492675781250e-01 1.999407501220703125e+02
-1.029209375381469727e+00 -3.529071807861328125e-01 1.999406738281250000e+02
-1.029209375381469727e+00 -3.529071807861328125e-01 1.999406738281250000e+02
-1.029209375381469727e+00 -3.529071807861328125e-01 1.999406738281250000e+02
-1.029209375381469727e+00 -3.529071807861328125e-01 1.999406738281250000e+02
-1.029144167900085449e+00 -3.706054687500000000e-01 1.999408416748046875e+02
-1.029144167900085449e+00 -3.706054687500000000e-01 1.999408416748046875e+02
-1.029144167900085449e+00 -3.706054687500000000e-01 1.999408416748046875e+02
-1.029144167900085449e+00 -3.706054687500000000e-01 1.999408416748046875e+02
-1.029641032218933105e+00 -3.853530883789062500e-01 1.999409790039062500e+02
-1.029641032218933105e+00 -3.853530883789062500e-01 1.999409790039062500e+02
-1.029641032218933105e+00 -3.853530883789062500e-01 1.999409790039062500e+02
-1.029641032218933105e+00 -3.853530883789062500e-01 1.999409790039062500e+02
-1.029354810714721680e+00 -3.978309631347656250e-01 1.999408721923828125e+02
-1.029354810714721680e+00 -3.978309631347656250e-01 1.999408721923828125e+02
-1.029354810714721680e+00 -3.978309631347656250e-01 1.999408721923828125e+02
-1.029354810714721680e+00 -3.978309631347656250e-01 1.999408721923828125e+02
-1.029458522796630859e+00 -4.163150787353515625e-01 1.999406585693359375e+02
-1.029458522796630859e+00 -4.163150787353515625e-01 1.999406585693359375e+02
-1.029458522796630859e+00 -4.163150787353515625e-01 1.999406585693359375e+02
-1.029477119445800781e+00 -4.330711364746093750e-01 1.999410400390625000e+02
-1.029477119445800781e+00 -4.330711364746093750e-01 1.999410400390625000e+02
-1.029477119445800781e+00 -4.330711364746093750e-01 1.999410400390625000e+02
-1.029477119445800781e+00 -4.330711364746093750e-01 1.999410400390625000e+02
-1.029041409492492676e+00 -4.433174133300781250e-01 1.999408721923828125e+02
-1.029041409492492676e+00 -4.433174133300781250e-01 1.999408721923828125e+02
-1.029041409492492676e+00 -4.433174133300781250e-01 1.999408721923828125e+02
-1.029041409492492676e+00 -4.433174133300781250e-01 1.999408721923828125e+02
-1.029438376426696777e+00 -4.600715637207031250e-01 1.999401702880859375e+02
-1.029438376426696777e+00 -4.600715637207031250e-01 1.999401702880859375e+02
-1.029438376426696777e+00 -4.600715637207031250e-01 1.999401702880859375e+02
-1.029438376426696777e+00 -4.600715637207031250e-01 1.999401702880859375e+02
-1.029980421066284180e+00 -4.787654876708984375e-01 1.999409179687500000e+02
-1.029980421066284180e+00 -4.787654876708984375e-01 1.999409179687500000e+02
-1.029980421066284180e+00 -4.787654876708984375e-01 1.999409179687500000e+02
-1.029980421066284180e+00 -4.787654876708984375e-01 1.999409179687500000e+02
-1.029321432113647461e+00 -4.894294738769531250e-01 1.999405670166015625e+02
-1.029321432113647461e+00 -4.894294738769531250e-01 1.999405670166015625e+02
-1.029321432113647461e+00 -4.894294738769531250e-01 1.999405670166015625e+02
-1.029321432113647461e+00 -4.894294738769531250e-01 1.999405670166015625e+02
-1.029549598693847656e+00 -5.073051452636718750e-01 1.999403686523437500e+02
-1.029549598693847656e+00 -5.073051452636718750e-01 1.999403686523437500e+02
-1.029549598693847656e+00 -5.073051452636718750e-01 1.999403686523437500e+02
-1.029697895050048828e+00 -5.230941772460937500e-01 1.999405212402343750e+02
-1.029697895050048828e+00 -5.230941772460937500e-01 1.999405212402343750e+02
-1.029697895050048828e+00 -5.230941772460937500e-01 1.999405212402343750e+02
-1.029697895050048828e+00 -5.230941772460937500e-01 1.999405212402343750e+02
-1.029137730598449707e+00 -5.367603302001953125e-01 1.999409637451171875e+02
-1.029137730598449707e+00 -5.367603302001953125e-01 1.999409637451171875e+02
-1.029137730598449707e+00 -5.367603302001953125e-01 1.999409637451171875e+02
-1.029137730598449707e+00 -5.367603302001953125e-01 1.999409637451171875e+02
-1.029882192611694336e+00 -5.520133972167968750e-01 1.999406890869140625e+02
-1.029882192611694336e+00 -5.520133972167968750e-01 1.999406890869140625e+02
-1.029882192611694336e+00 -5.520133972167968750e-01 1.999406890869140625e+02
-1.029882192611694336e+00 -5.520133972167968750e-01 1.999406890869140625e+02
-1.029389023780822754e+00 -5.693016052246093750e-01 1.999407501220703125e+02
-1.029389023780822754e+00 -5.693016052246093750e-01 1.999407501220703125e+02
-1.029389023780822754e+00 -5.693016052246093750e-01 1.999407501220703125e+02
-1.029389023780822754e+00 -5.693016052246093750e-01 1.999407501220703125e+02
-1.029139280319213867e+00 -5.849437713623046875e-01 1.999403228759765625e+02
-1.029139280319213867e+00 -5.849437713623046875e-01 1.999403228759765625e+02
-1.029139280319213867e+00 -5.849437713623046875e-01 1.999403228759765625e+02
-1.029139280319213867e+00 -5.849437713623046875e-01 1.999403228759765625e+02
-1.029641747474670410e+00 -5.992546081542968750e-01 1.999403839111328125e+02
-1.029641747474670410e+00 -5.992546081542968750e-01 1.999403839111328125e+02
-1.029641747474670410e+00 -5.992546081542968750e-01 1.999403839111328125e+02
-1.029685854911804199e+00 -6.149120330810546875e-01 1.999406890869140625e+02
-1.029685854911804199e+00 -6.149120330810546875e-01 1.999406890869140625e+02
-1.029685854911804199e+00 -6.149120330810546875e-01 1.999406890869140625e+02
-1.029685854911804199e+00 -6.149120330810546875e-01 1.999406890869140625e+02
-1.030199885368347168e+00 -6.358394622802734375e-01 1.999401550292968750e+02
-1.030199885368347168e+00 -6.358394622802734375e-01 1.999401550292968750e+02
-1.030199885368347168e+00 -6.358394622802734375e-01 1.999401550292968750e+02
-1.030199885368347168e+00 -6.358394622802734375e-01 1.999401550292968750e+02
-1.030461668968200684e+00 -6.487483978271484375e-01 1.999401855468750000e+02
-1.030461668968200684e+00 -6.487483978271484375e-01 1.999401855468750000e+02
-1.030461668968200684e+00 -6.487483978271484375e-01 1.999401855468750000e+02
-1.030461668968200684e+00 -6.487483978271484375e-01 1.999401855468750000e+02
-1.030223488807678223e+00 -6.657981872558593750e-01 1.999401245117187500e+02
-1.030223488807678223e+00 -6.657981872558593750e-01 1.999401245117187500e+02
-1.030223488807678223e+00 -6.657981872558593750e-01 1.999401245117187500e+02
-1.030223488807678223e+00 -6.657981872558593750e-01 1.999401245117187500e+02
-1.029711246490478516e+00 -6.796112060546875000e-01 1.999397430419921875e+02
-1.029711246490478516e+00 -6.796112060546875000e-01 1.999397430419921875e+02
-1.029711246490478516e+00 -6.796112060546875000e-01 1.999397430419921875e+02
-1.029711246490478516e+00 -6.796112060546875000e-01 1.999397430419921875e+02
-1.030429959297180176e+00 -6.933631896972656250e-01 1.999401092529296875e+02
-1.030429959297180176e+00 -6.933631896972656250e-01 1.999401092529296875e+02
-1.030429959297180176e+00 -6.933631896972656250e-01 1.999401092529296875e+02
-1.029981136322021484e+00 -7.074909210205078125e-01 1.999399566650390625e+02
-1.029981136322021484e+00 -7.074909210205078125e-01 1.999399566650390625e+02
-1.029981136322021484e+00 -7.074909210205078125e-01 1.999399566650390625e+02
-1.029981136322021484e+00 -7.074909210205078125e-01 1.999399566650390625e+02
-1.029961228370666504e+00 -7.252407073974609375e-01 1.999396362304687500e+02
-1.029961228370666504e+00 -7.252407073974609375e-01 1.999396362304687500e+02
-1.029961228370666504e+00 -7.252407073974609375e-01 1.999396362304687500e+02
-1.029961228370666504e+00 -7.252407073974609375e-01 1.999396362304687500e+02
-1.030285000801086426e+00 -7.416820526123046875e-01 1.999396057128906250e+02
-1.030285000801086426e+00 -7.416820526123046875e-01 1.999396057128906250e+02
-1.030285000801086426e+00 -7.416820526123046875e-01 1.999396057128906250e+02
-1.030285000801086426e+00 -7.416820526123046875e-01 1.999396057128906250e+02
-1.029868602752685547e+00 -7.533111572265625000e-01 1.999401092529296875e+02
-1.029868602752685547e+00 -7.533111572265625000e-01 1.999401092529296875e+02
-1.029868602752685547e+00 -7.533111572265625000e-01 1.999401092529296875e+02
-1.029868602752685547e+00 -7.533111572265625000e-01 1.999401092529296875e+02
-1.029792785644531250e+00 -7.686195373535156250e-01 1.999397583007812500e+02
-1.029792785644531250e+00 -7.686195373535156250e-01 1.999397583007812500e+02
-1.029792785644531250e+00 -7.686195373535156250e-01 1.999397583007812500e+02
-1.029792785644531250e+00 -7.686195373535156250e-01 1.999397583007812500e+02
-1.030348896980285645e+00 -7.857570648193359375e-01 1.999396972656250000e+02
-1.030348896980285645e+00 -7.857570648193359375e-01 1.999396972656250000e+02
-1.030348896980285645e+00 -7.857570648193359375e-01 1.999396972656250000e+02
-1.030110120773315430e+00 -8.020801544189453125e-01 1.999396057128906250e+02
-1.030110120773315430e+00 -8.020801544189453125e-01 1.999396057128906250e+02
-1.030110120773315430e+00 -8.020801544189453125e-01 1.999396057128906250e+02
-1.030110120773315430e+00 -8.020801544189453125e-01 1.999396057128906250e+02
-1.029841423034667969e+00 -8.214740753173828125e-01 1.999397430419921875e+02
-1.029841423034667969e+00 -8.214740753173828125e-01 1.999397430419921875e+02
-1.029841423034667969e+00 -8.214740753173828125e-01 1.999397430419921875e+02
-1.029841423034667969e+00 -8.214740753173828125e-01 1.999397430419921875e+02
-1.030412912368774414e+00 -8.327274322509765625e-01 1.999393920898437500e+02
-1.030412912368774414e+00 -8.327274322509765625e-01 1.999393920898437500e+02
-1.030412912368774414e+00 -8.327274322509765625e-01 1.999393920898437500e+02
-1.030412912368774414e+00 -8.327274322509765625e-01 1.999393920898437500e+02
-1.030177593231201172e+00 -8.492336273193359375e-01 1.999394836425781250e+02
-1.030177593231201172e+00 -8.492336273193359375e-01 1.999394836425781250e+02
-1.030177593231201172e+00 -8.492336273193359375e-01 1.999394836425781250e+02
-1.030177593231201172e+00 -8.492336273193359375e-01 1.999394836425781250e+02
-1.029918313026428223e+00 -8.662395477294921875e-01 1.999393463134765625e+02
-1.029918313026428223e+00 -8.662395477294921875e-01 1.999393463134765625e+02
-1.029918313026428223e+00 -8.662395477294921875e-01 1.999393463134765625e+02
-1.029918313026428223e+00 -8.662395477294921875e-01 1.999393463134765625e+02
-1.029871582984924316e+00 -8.785247802734375000e-01 1.999395599365234375e+02
-1.029871582984924316e+00 -8.785247802734375000e-01 1.999395599365234375e+02
-1.029871582984924316e+00 -8.785247802734375000e-01 1.999395599365234375e+02
-1.029871582984924316e+00 -8.785247802734375000e-01 1.999395599365234375e+02
-1.030216932296752930e+00 -8.949222564697265625e-01 1.999393157958984375e+02
-1.030216932296752930e+00 -8.949222564697265625e-01 1.999393157958984375e+02
-1.030216932296752930e+00 -8.949222564697265625e-01 1.999393157958984375e+02
-1.030361294746398926e+00 -9.086685180664062500e-01 1.999395751953125000e+02
-1.030361294746398926e+00 -9.086685180664062500e-01 1.999395751953125000e+02
-1.030361294746398926e+00 -9.086685180664062500e-01 1.999395751953125000e+02
-1.030361294746398926e+00 -9.086685180664062500e-01 1.999395751953125000e+02
-1.030559301376342773e+00 -9.242057800292968750e-01 1.999394226074218750e+02
-1.030559301376342773e+00 -9.242057800292968750e-01 1.999394226074218750e+02
-1.030559301376342773e+00 -9.242057800292968750e-01 1.999394226074218750e+02
-1.030559301376342773e+00 -9.242057800292968750e-01 1.999394226074218750e+02
-1.030346393585205078e+00 -9.412136077880859375e-01 1.999393157958984375e+02
-1.030346393585205078e+00 -9.412136077880859375e-01 1.999393157958984375e+02
-1.030346393585205078e+00 -9.412136077880859375e-01 1.999393157958984375e+02
-1.030346393585205078e+00 -9.412136077880859375e-01 1.999393157958984375e+02
-1.030326247215270996e+00 -9.594707489013671875e-01 1.999396057128906250e+02
-1.030326247215270996e+00 -9.594707489013671875e-01 1.999396057128906250e+02
-1.030326247215270996e+00 -9.594707489013671875e-01 1.999396057128906250e+02
-1.030326247215270996e+00 -9.594707489013671875e-01 1.999396057128906250e+02
-1.030653953552246094e+00 -9.733448028564453125e-01 1.999388122558593750e+02
-1.030653953552246094e+00 -9.733448028564453125e-01 1.999388122558593750e+02
-1.030653953552246094e+00 -9.733448028564453125e-01 1.999388122558593750e+02
-1.030653953552246094e+00 -9.733448028564453125e-01 1.999388122558593750e+02
-1.030618667602539062e+00 -9.879283905029296875e-01 1.999388885498046875e+02
-1.030618667602539062e+00 -9.879283905029296875e-01 1.999388885498046875e+02
-1.030618667602539062e+00 -9.879283905029296875e-01 1.999388885498046875e+02
-1.030746102333068848e+00 -1.005149841308593750e+00 1.999392700195312500e+02
-1.030746102333068848e+00 -1.005149841308593750e+00 1.999392700195312500e+02
-1.030746102333068848e+00 -1.005149841308593750e+00 1.999392700195312500e+02
-1.030746102333068848e+00 -1.005149841308593750e+00 1.999392700195312500e+02
-1.030393719673156738e+00 -1.021680831909179688e+00 1.999387664794921875e+02
-1.030393719673156738e+00 -1.021680831909179688e+00 1.999387664794921875e+02
-1.030393719673156738e+00 -1.021680831909179688e+00 1.999387664794921875e+02
-1.030393719673156738e+00 -1.021680831909179688e+00 1.999387664794921875e+02
-1.030835151672363281e+00 -1.039253234863281250e+00 1.999390106201171875e+02
-1.030835151672363281e+00 -1.039253234863281250e+00 1.999390106201171875e+02
-1.030835151672363281e+00 -1.039253234863281250e+00 1.999390106201171875e+02
-1.030835151672363281e+00 -1.039253234863281250e+00 1.999390106201171875e+02
-1.030708551406860352e+00 -1.054767608642578125e+00 1.999387207031250000e+02
-1.030708551406860352e+00 -1.054767608642578125e+00 1.999387207031250000e+02
-1.030708551406860352e+00 -1.054767608642578125e+00 1.999387207031250000e+02
-1.030708551406860352e+00 -1.054767608642578125e+00 1.999387207031250000e+02
-1.030522704124450684e+00 -1.066318511962890625e+00 1.999389038085937500e+02
-1.030522704124450684e+00 -1.066318511962890625e+00 1.999389038085937500e+02
-1.030522704124450684e+00 -1.066318511962890625e+00 1.999389038085937500e+02
-1.030522704124450684e+00 -1.066318511962890625e+00 1.999389038085937500e+02
-1.030439615249633789e+00 -1.084680557250976562e+00 1.999392547607421875e+02
-1.030439615249633789e+00 -1.084680557250976562e+00 1.999392547607421875e+02
-1.030439615249633789e+00 -1.084680557250976562e+00 1.999392547607421875e+02
-1.030439615249633789e+00 -1.084680557250976562e+00 1.999392547607421875e+02
-1.030171632766723633e+00 -1.096061706542968750e+00 1.999390411376953125e+02
-1.030171632766723633e+00 -1.096061706542968750e+00 1.999390411376953125e+02
-1.030171632766723633e+00 -1.096061706542968750e+00 1.999390411376953125e+02
-1.030453324317932129e+00 -1.112234115600585938e+00 1.999385375976562500e+02
-1.030453324317932129e+00 -1.112234115600585938e+00 1.999385375976562500e+02
-1.030453324317932129e+00 -1.112234115600585938e+00 1.999385375976562500e+02
-1.030453324317932129e+00 -1.112234115600585938e+00 1.999385375976562500e+02
-1.030571460723876953e+00 -1.129806518554687500e+00 1.999386596679687500e+02
-1.030571460723876953e+00 -1.129806518554687500e+00 1.999386596679687500e+02
-1.030571460723876953e+00 -1.129806518554687500e+00 1.999386596679687500e+02
-1.030571460723876953e+00 -1.129806518554687500e+00 1.999386596679687500e+02
-1.030664801597595215e+00 -1.146228790283203125e+00 1.999384613037109375e+02
-1.030664801597595215e+00 -1.146228790283203125e+00 1.999384613037109375e+02
-1.030664801597595215e+00 -1.146228790283203125e+00 1.999384613037109375e+02
-1.030664801597595215e+00 -1.146228790283203125e+00 1.999384613037109375e+02
-1.030967950820922852e+00 -1.161161422729492188e+00 1.999385375976562500e+02
-1.030967950820922852e+00 -1.161161422729492188e+00 1.999385375976562500e+02
-1.030967950820922852e+00 -1.161161422729492188e+00 1.999385375976562500e+02
-1.030967950820922852e+00 -1.161161422729492188e+00 1.999385375976562500e+02
-1.030796885490417480e+00 -1.180191040039062500e+00 1.999384460449218750e+02
-1.030796885490417480e+00 -1.180191040039062500e+00 1.999384460449218750e+02
-1.030796885490417480e+00 -1.180191040039062500e+00 1.999384460449218750e+02
-1.030796885490417480e+00 -1.180191040039062500e+00 1.999384460449218750e+02
-1.030441880226135254e+00 -1.186630249023437500e+00 1.999382019042968750e+02
-1.030441880226135254e+00 -1.186630249023437500e+00 1.999382019042968750e+02
-1.030441880226135254e+00 -1.186630249023437500e+00 1.999382019042968750e+02
-1.030441880226135254e+00 -1.186630249023437500e+00 1.999382019042968750e+02
-1.031058311462402344e+00 -1.207593917846679688e+00 1.999383392333984375e+02
-1.031058311462402344e+00 -1.207593917846679688e+00 1.999383392333984375e+02
-1.031058311462402344e+00 -1.207593917846679688e+00 1.999383392333984375e+02
-1.030853390693664551e+00 -1.227205276489257812e+00 1.999384307861328125e+02
-1.030853390693664551e+00 -1.227205276489257812e+00 1.999384307861328125e+02
-1.030853390693664551e+00 -1.227205276489257812e+00 1.999384307861328125e+02
-1.030853390693664551e+00 -1.227205276489257812e+00 1.999384307861328125e+02
-1.031232237815856934e+00 -1.242773056030273438e+00 1.999387664794921875e+02
-1.031232237815856934e+00 -1.242773056030273438e+00 1.999387664794921875e+02
-1.031232237815856934e+00 -1.242773056030273438e+00 1.999387664794921875e+02
-1.031232237815856934e+00 -1.242773056030273438e+00 1.999387664794921875e+02
-1.031228065490722656e+00 -1.250669479370117188e+00 1.999379272460937500e+02
-1.031228065490722656e+00 -1.250669479370117188e+00 1.999379272460937500e+02
-1.031228065490722656e+00 -1.250669479370117188e+00 1.999379272460937500e+02
-1.031228065490722656e+00 -1.250669479370117188e+00 1.999379272460937500e+02
-1.031057715415954590e+00 -1.269990921020507812e+00 1.999384002685546875e+02
-1.031057715415954590e+00 -1.269990921020507812e+00 1.999384002685546875e+02
-1.031057715415954590e+00 -1.269990921020507812e+00 1.999384002685546875e+02
-1.031057715415954590e+00 -1.269990921020507812e+00 1.999384002685546875e+02
-1.030840754508972168e+00 -1.286293029785156250e+00 1.999380035400390625e+02
-1.030840754508972168e+00 -1.286293029785156250e+00 1.999380035400390625e+02
-1.030840754508972168e+00 -1.286293029785156250e+00 1.999380035400390625e+02
-1.030840754508972168e+00 -1.286293029785156250e+00 1.999380035400390625e+02
-1.030960798263549805e+00 -1.300745010375976562e+00 1.999378967285156250e+02
-1.030960798263549805e+00 -1.300745010375976562e+00 1.999378967285156250e+02
-1.030960798263549805e+00 -1.300745010375976562e+00 1.999378967285156250e+02
-1.030960798263549805e+00 -1.300745010375976562e+00 1.999378967285156250e+02
-1.031611561775207520e+00 -1.315891265869140625e+00 1.999374694824218750e+02
-1.031611561775207520e+00 -1.315891265869140625e+00 1.999374694824218750e+02
-1.031611561775207520e+00 -1.315891265869140625e+00 1.999374694824218750e+02
-1.031533598899841309e+00 -1.332452774047851562e+00 1.999376831054687500e+02
-1.031533598899841309e+00 -1.332452774047851562e+00 1.999376831054687500e+02
-1.031533598899841309e+00 -1.332452774047851562e+00 1.999376831054687500e+02
-1.031533598899841309e+00 -1.332452774047851562e+00 1.999376831054687500e+02
-1.030982613563537598e+00 -1.350334167480468750e+00 1.999377899169921875e+02
-1.030982613563537598e+00 -1.350334167480468750e+00 1.999377899169921875e+02
-1.030982613563537598e+00 -1.350334167480468750e+00 1.999377899169921875e+02
-1.030982613563537598e+00 -1.350334167480468750e+00 1.999377899169921875e+02
-1.031335830688476562e+00 -1.365716934204101562e+00 1.999372711181640625e+02
-1.031335830688476562e+00 -1.365716934204101562e+00 1.999372711181640625e+02
-1.031335830688476562e+00 -1.365716934204101562e+00 1.999372711181640625e+02
-1.031335830688476562e+00 -1.365716934204101562e+00 1.999372711181640625e+02
-1.030812740325927734e+00 -1.380434036254882812e+00 1.999378204345703125e+02
-1.030812740325927734e+00 -1.380434036254882812e+00 1.999378204345703125e+02
-1.030812740325927734e+00 -1.380434036254882812e+00 1.999378204345703125e+02
-1.030812740325927734e+00 -1.380434036254882812e+00 1.999378204345703125e+02
-1.031343579292297363e+00 -1.393627166748046875e+00 1.999377136230468750e+02
-1.031343579292297363e+00 -1.393627166748046875e+00 1.999377136230468750e+02
-1.031343579292297363e+00 -1.393627166748046875e+00 1.999377136230468750e+02
-1.031343579292297363e+00 -1.393627166748046875e+00 1.999377136230468750e+02
-1.031634092330932617e+00 -1.407894134521484375e+00 1.999375762939453125e+02
-1.031634092330932617e+00 -1.407894134521484375e+00 1.999375762939453125e+02
-1.031634092330932617e+00 -1.407894134521484375e+00 1.999375762939453125e+02
-1.031634092330932617e+00 -1.407894134521484375e+00 1.999375762939453125e+02
-1.031146645545959473e+00 -1.428564071655273438e+00 1.999378051757812500e+02
-1.031146645545959473e+00 -1.428564071655273438e+00 1.999378051757812500e+02
-1.031146645545959473e+00 -1.428564071655273438e+00 1.999378051757812500e+02
-1.031146645545959473e+00 -1.428564071655273438e+00 1.999378051757812500e+02
-1.031282782554626465e+00 -1.439977645874023438e+00 1.999375915527343750e+02
-1.031282782554626465e+00 -1.439977645874023438e+00 1.999375915527343750e+02
-1.031282782554626465e+00 -1.439977645874023438e+00 1.999375915527343750e+02
-1.030818462371826172e+00 -1.454681396484375000e+00 1.999378814697265625e+02
-1.030818462371826172e+00 -1.454681396484375000e+00 1.999378814697265625e+02
-1.030818462371826172e+00 -1.454681396484375000e+00 1.999378814697265625e+02
-1.030818462371826172e+00 -1.454681396484375000e+00 1.999378814697265625e+02
-1.032215714454650879e+00 -1.475246429443359375e+00 1.999372711181640625e+02
-1.032215714454650879e+00 -1.475246429443359375e+00 1.999372711181640625e+02
-1.032215714454650879e+00 -1.475246429443359375e+00 1.999372711181640625e+02
-1.032215714454650879e+00 -1.475246429443359375e+00 1.999372711181640625e+02
-1.030898928642272949e+00 -1.482318878173828125e+00 1.999376373291015625e+02
-1.030898928642272949e+00 -1.482318878173828125e+00 1.999376373291015625e+02
-1.030898928642272949e+00 -1.482318878173828125e+00 1.999376373291015625e+02
-1.030898928642272949e+00 -1.482318878173828125e+00 1.999376373291015625e+02
-1.031087160110473633e+00 -1.502805709838867188e+00 1.999376525878906250e+02
-1.031087160110473633e+00 -1.502805709838867188e+00 1.999376525878906250e+02
-1.031087160110473633e+00 -1.502805709838867188e+00 1.999376525878906250e+02
-1.031087160110473633e+00 -1.502805709838867188e+00 1.999376525878906250e+02
-1.031019210815429688e+00 -1.518877029418945312e+00 1.999377899169921875e+02
-1.031019210815429688e+00 -1.518877029418945312e+00 1.999377899169921875e+02
-1.031019210815429688e+00 -1.518877029418945312e+00 1.999377899169921875e+02
-1.031019210815429688e+00 -1.518877029418945312e+00 1.999377899169921875e+02
-1.031002044677734375e+00 -1.530925750732421875e+00 1.999373779296875000e+02
-1.031002044677734375e+00 -1.530925750732421875e+00 1.999373779296875000e+02
-1.031002044677734375e+00 -1.530925750732421875e+00 1.999373779296875000e+02
-1.031002044677734375e+00 -1.530925750732421875e+00 1.999373779296875000e+02
-1.031245708465576172e+00 -1.548929214477539062e+00 1.999377593994140625e+02
-1.031245708465576172e+00 -1.548929214477539062e+00 1.999377593994140625e+02
-1.031245708465576172e+00 -1.548929214477539062e+00 1.999377593994140625e+02
-1.031245708465576172e+00 -1.548929214477539062e+00 1.999377593994140625e+02
-1.031418442726135254e+00 -1.567577362060546875e+00 1.999376831054687500e+02
-1.031418442726135254e+00 -1.567577362060546875e+00 1.999376831054687500e+02
-1.031418442726135254e+00 -1.567577362060546875e+00 1.999376831054687500e+02
-1.031609058380126953e+00 -1.580589294433593750e+00 1.999368743896484375e+02
-1.031609058380126953e+00 -1.580589294433593750e+00 1.999368743896484375e+02
-1.031609058380126953e+00 -1.580589294433593750e+00 1.999368743896484375e+02
-1.031609058380126953e+00 -1.580589294433593750e+00 1.999368743896484375e+02
-1.032189488410949707e+00 -1.594745635986328125e+00 1.999372100830078125e+02
-1.032189488410949707e+00 -1.594745635986328125e+00 1.999372100830078125e+02
-1.032189488410949707e+00 -1.594745635986328125e+00 1.999372100830078125e+02
-1.032189488410949707e+00 -1.594745635986328125e+00 1.999372100830078125e+02
-1.031225681304931641e+00 -1.614078521728515625e+00 1.999373931884765625e+02
-1.031225681304931641e+00 -1.614078521728515625e+00 1.999373931884765625e+02
-1.031225681304931641e+00 -1.614078521728515625e+00 1.999373931884765625e+02
-1.031225681304931641e+00 -1.614078521728515625e+00 1.999373931884765625e+02
-1.031497001647949219e+00 -1.628625869750976562e+00 1.999367218017578125e+02
-1.031497001647949219e+00 -1.628625869750976562e+00 1.999367218017578125e+02
-1.031497001647949219e+00 -1.628625869750976562e+00 1.999367218017578125e+02
-1.031497001647949219e+00 -1.628625869750976562e+00 1.999367218017578125e+02
-1.031528115272521973e+00 -1.645164489746093750e+00 1.999369049072265625e+02
-1.031528115272521973e+00 -1.645164489746093750e+00 1.999369049072265625e+02
-1.031528115272521973e+00 -1.645164489746093750e+00 1.999369049072265625e+02
-1.031528115272521973e+00 -1.645164489746093750e+00 1.999369049072265625e+02
-1.031539201736450195e+00 -1.659688949584960938e+00 1.999369964599609375e+02
-1.031539201736450195e+00 -1.659688949584960938e+00 1.999369964599609375e+02
-1.031539201736450195e+00 -1.659688949584960938e+00 1.999369964599609375e+02
-1.031539201736450195e+00 -1.659688949584960938e+00 1.999369964599609375e+02
-1.031765699386596680e+00 -1.674285888671875000e+00 1.999363555908203125e+02
-1.031765699386596680e+00 -1.674285888671875000e+00 1.999363555908203125e+02
-1.031765699386596680e+00 -1.674285888671875000e+00 1.999363555908203125e+02
-1.031765699386596680e+00 -1.674285888671875000e+00 1.999363555908203125e+02
-1.032139897346496582e+00 -1.691284179687500000e+00 1.999367218017578125e+02
-1.032139897346496582e+00 -1.691284179687500000e+00 1.999367218017578125e+02
-1.032139897346496582e+00 -1.691284179687500000e+00 1.999367218017578125e+02
-1.032139897346496582e+00 -1.691284179687500000e+00 1.999367218017578125e+02
-1.031817674636840820e+00 -1.703401565551757812e+00 1.999368286132812500e+02
-1.031817674636840820e+00 -1.703401565551757812e+00 1.999368286132812500e+02
-1.031817674636840820e+00 -1.703401565551757812e+00 1.999368286132812500e+02
-1.031187295913696289e+00 -1.717107772827148438e+00 1.999365081787109375e+02
-1.031187295913696289e+00 -1.717107772827148438e+00 1.999365081787109375e+02
-1.031187295913696289e+00 -1.717107772827148438e+00 1.999365081787109375e+02
-1.031187295913696289e+00 -1.717107772827148438e+00 1.999365081787109375e+02
-1.031601786613464355e+00 -1.735311508178710938e+00 1.999367218017578125e+02
-1.031601786613464355e+00 -1.735311508178710938e+00 1.999367218017578125e+02
-1.031601786613464355e+00 -1.735311508178710938e+00 1.999367218017578125e+02
-1.031601786613464355e+00 -1.735311508178710938e+00 1.999367218017578125e+02
-1.031746745109558105e+00 -1.750682830810546875e+00 1.999371948242187500e+02
-1.031746745109558105e+00 -1.750682830810546875e+00 1.999371948242187500e+02
-1.031746745109558105e+00 -1.750682830810546875e+00 1.999371948242187500e+02
-1.031746745109558105e+00 -1.750682830810546875e+00 1.999371948242187500e+02
-1.032130718231201172e+00 -1.767444610595703125e+00 1.999365081787109375e+02
-1.032130718231201172e+00 -1.767444610595703125e+00 1.999365081787109375e+02
-1.032130718231201172e+00 -1.767444610595703125e+00 1.999365081787109375e+02
-1.032130718231201172e+00 -1.767444610595703125e+00 1.999365081787109375e+02
-1.031477689743041992e+00 -1.783092498779296875e+00 1.999366455078125000e+02
-1.031477689743041992e+00 -1.783092498779296875e+00 1.999366455078125000e+02
-1.031477689743041992e+00 -1.783092498779296875e+00 1.999366455078125000e+02
-1.031477689743041992e+00 -1.783092498779296875e+00 1.999366455078125000e+02
-1.031660676002502441e+00 -1.798828125000000000e+00 1.999365997314453125e+02
-1.031660676002502441e+00 -1.798828125000000000e+00 1.999365997314453125e+02
-1.031660676002502441e+00 -1.798828125000000000e+00 1.999365997314453125e+02
-1.031660676002502441e+00 -1.798828125000000000e+00 1.999365997314453125e+02
-1.031948685646057129e+00 -1.816818237304687500e+00 1.999363098144531250e+02
-1.031948685646057129e+00 -1.816818237304687500e+00 1.999363098144531250e+02
-1.031948685646057129e+00 -1.816818237304687500e+00 1.999363098144531250e+02
-1.031948685646057129e+00 -1.816818237304687500e+00 1.999363098144531250e+02
-1.032246470451354980e+00 -1.826908111572265625e+00 1.999360198974609375e+02
-1.032246470451354980e+00 -1.826908111572265625e+00 1.999360198974609375e+02
-1.032246470451354980e+00 -1.826908111572265625e+00 1.999360198974609375e+02
-1.032246470451354980e+00 -1.826908111572265625e+00 1.999360198974609375e+02
-1.032238245010375977e+00 -1.842428207397460938e+00 1.999360656738281250e+02
-1.032238245010375977e+00 -1.842428207397460938e+00 1.999360656738281250e+02
-1.032238245010375977e+00 -1.842428207397460938e+00 1.999360656738281250e+02
-1.031821608543395996e+00 -1.863594055175781250e+00 1.999365539550781250e+02
-1.031821608543395996e+00 -1.863594055175781250e+00 1.999365539550781250e+02
-1.031821608543395996e+00 -1.863594055175781250e+00 1.999365539550781250e+02
-1.031821608543395996e+00 -1.863594055175781250e+00 1.999365539550781250e+02
-1.031640648841857910e+00 -1.875095367431640625e+00 1.999364471435546875e+02
-1.031640648841857910e+00 -1.875095367431640625e+00 1.999364471435546875e+02
-1.031640648841857910e+00 -1.875095367431640625e+00 1.999364471435546875e+02
-1.031640648841857910e+00 -1.875095367431640625e+00 1.999364471435546875e+02
-1.031555414199829102e+00 -1.893486022949218750e+00 1.999365844726562500e+02
-1.031555414199829102e+00 -1.893486022949218750e+00 1.999365844726562500e+02
-1.031555414199829102e+00 -1.893486022949218750e+00 1.999365844726562500e+02
-1.031555414199829102e+00 -1.893486022949218750e+00 1.999365844726562500e+02
-1.031443595886230469e+00 -1.908864974975585938e+00 1.999362030029296875e+02
-1.031443595886230469e+00 -1.908864974975585938e+00 1.999362030029296875e+02
-1.031443595886230469e+00 -1.908864974975585938e+00 1.999362030029296875e+02
-1.031443595886230469e+00 -1.908864974975585938e+00 1.999362030029296875e+02
-1.031938076019287109e+00 -1.921310424804687500e+00 1.999359893798828125e+02
-1.031938076019287109e+00 -1.921310424804687500e+00 1.999359893798828125e+02
-1.031938076019287109e+00 -1.921310424804687500e+00 1.999359893798828125e+02
-1.031938076019287109e+00 -1.921310424804687500e+00 1.999359893798828125e+02
-1.032066464424133301e+00 -1.939689636230468750e+00 1.999359130859375000e+02
-1.032066464424133301e+00 -1.939689636230468750e+00 1.999359130859375000e+02
-1.032066464424133301e+00 -1.939689636230468750e+00 1.999359130859375000e+02
-1.032066464424133301e+00 -1.939689636230468750e+00 1.999359130859375000e+02
-1.031913995742797852e+00 -1.956588745117187500e+00 1.999364776611328125e+02
-1.031913995742797852e+00 -1.956588745117187500e+00 1.999364776611328125e+02
-1.031913995742797852e+00 -1.956588745117187500e+00 1.999364776611328125e+02
-1.031913995742797852e+00 -1.956588745117187500e+00 1.999364776611328125e+02
-1.032308578491210938e+00 -1.969821929931640625e+00 1.999360961914062500e+02
-1.032308578491210938e+00 -1.969821929931640625e+00 1.999360961914062500e+02
-1.032308578491210938e+00 -1.969821929931640625e+00 1.999360961914062500e+02
-1.032308578491210938e+00 -1.969821929931640625e+00 1.999360961914062500e+02
-1.032528162002563477e+00 -1.985931396484375000e+00 1.999359741210937500e+02
-1.032528162002563477e+00 -1.985931396484375000e+00 1.999359741210937500e+02
-1.032528162002563477e+00 -1.985931396484375000e+00 1.999359741210937500e+02
-1.032528162002563477e+00 -1.985931396484375000e+00 1.999359741210937500e+02
-1.032937407493591309e+00 -2.003110885620117188e+00 1.999362182617187500e+02
-1.032937407493591309e+00 -2.003110885620117188e+00 1.999362182617187500e+02
-1.032937407493591309e+00 -2.003110885620117188e+00 1.999362182617187500e+02
-1.032644510269165039e+00 -2.016910552978515625e+00 1.999354400634765625e+02
-1.032644510269165039e+00 -2.016910552978515625e+00 1.999354400634765625e+02
-1.032644510269165039e+00 -2.016910552978515625e+00 1.999354400634765625e+02
-1.032644510269165039e+00 -2.016910552978515625e+00 1.999354400634765625e+02
-1.032321572303771973e+00 -2.036251068115234375e+00 1.999359130859375000e+02
-1.032321572303771973e+00 -2.036251068115234375e+00 1.999359130859375000e+02
-1.032321572303771973e+00 -2.036251068115234375e+00 1.999359130859375000e+02
-1.032321572303771973e+00 -2.036251068115234375e+00 1.999359130859375000e+02
-1.032713890075683594e+00 -2.049980163574218750e+00 1.999352569580078125e+02
-1.032713890075683594e+00 -2.049980163574218750e+00 1.999352569580078125e+02
-1.032713890075683594e+00 -2.049980163574218750e+00 1.999352569580078125e+02
-1.032713890075683594e+00 -2.049980163574218750e+00 1.999352569580078125e+02
-1.032536625862121582e+00 -2.063936233520507812e+00 1.999355926513671875e+02
-1.032536625862121582e+00 -2.063936233520507812e+00 1.999355926513671875e+02
-1.032536625862121582e+00 -2.063936233520507812e+00 1.999355926513671875e+02
-1.032536625862121582e+00 -2.063936233520507812e+00 1.999355926513671875e+02
-1.032589912414550781e+00 -2.079561233520507812e+00 1.999352722167968750e+02
-1.032589912414550781e+00 -2.079561233520507812e+00 1.999352722167968750e+02
-1.032589912414550781e+00 -2.079561233520507812e+00 1.999352722167968750e+02
-1.032589912414550781e+00 -2.079561233520507812e+00 1.999352722167968750e+02
-1.032539010047912598e+00 -2.096635818481445312e+00 1.999356842041015625e+02
-1.032539010047912598e+00 -2.096635818481445312e+00 1.999356842041015625e+02
-1.032539010047912598e+00 -2.096635818481445312e+00 1.999356842041015625e+02
-1.032539010047912598e+00 -2.096635818481445312e+00 1.999356842041015625e+02
-1.032831430435180664e+00 -2.109933853149414062e+00 1.999351959228515625e+02
-1.032831430435180664e+00 -2.109933853149414062e+00 1.999351959228515625e+02
-1.032831430435180664e+00 -2.109933853149414062e+00 1.999351959228515625e+02
-1.032831430435180664e+00 -2.109933853149414062e+00 1.999351959228515625e+02
-1.032678723335266113e+00 -2.128559112548828125e+00 1.999351348876953125e+02
-1.032678723335266113e+00 -2.128559112548828125e+00 1.999351348876953125e+02
-1.032678723335266113e+00 -2.128559112548828125e+00 1.999351348876953125e+02
-1.032678723335266113e+00 -2.128559112548828125e+00 1.999351348876953125e+02
-1.032064437866210938e+00 -2.141338348388671875e+00 1.999352722167968750e+02
-1.032064437866210938e+00 -2.141338348388671875e+00 1.999352722167968750e+02
-1.032064437866210938e+00 -2.141338348388671875e+00 1.999352722167968750e+02
-1.032064437866210938e+00 -2.141338348388671875e+00 1.999352722167968750e+02
-1.032953858375549316e+00 -2.157455444335937500e+00 1.999349822998046875e+02
-1.032953858375549316e+00 -2.157455444335937500e+00 1.999349822998046875e+02
-1.032953858375549316e+00 -2.157455444335937500e+00 1.999349822998046875e+02
-1.032231807708740234e+00 -2.170417785644531250e+00 1.999359130859375000e+02
-1.032231807708740234e+00 -2.170417785644531250e+00 1.999359130859375000e+02
-1.032231807708740234e+00 -2.170417785644531250e+00 1.999359130859375000e+02
-1.032231807708740234e+00 -2.170417785644531250e+00 1.999359130859375000e+02
-1.032514333724975586e+00 -2.185258865356445312e+00 1.999347076416015625e+02
-1.032514333724975586e+00 -2.185258865356445312e+00 1.999347076416015625e+02
-1.032514333724975586e+00 -2.185258865356445312e+00 1.999347076416015625e+02
-1.032514333724975586e+00 -2.185258865356445312e+00 1.999347076416015625e+02
-1.032751679420471191e+00 -2.205593109130859375e+00 1.999351043701171875e+02
-1.032751679420471191e+00 -2.205593109130859375e+00 1.999351043701171875e+02
-1.032751679420471191e+00 -2.205593109130859375e+00 1.999351043701171875e+02
-1.032751679420471191e+00 -2.205593109130859375e+00 1.999351043701171875e+02
-1.032815456390380859e+00 -2.221466064453125000e+00 1.999355316162109375e+02
-1.032815456390380859e+00 -2.221466064453125000e+00 1.999355316162109375e+02
-1.032815456390380859e+00 -2.221466064453125000e+00 1.999355316162109375e+02
-1.032815456390380859e+00 -2.221466064453125000e+00 1.999355316162109375e+02
-1.032182931900024414e+00 -2.232746124267578125e+00 1.999349517822265625e+02
-1.032182931900024414e+00 -2.232746124267578125e+00 1.999349517822265625e+02
-1.032182931900024414e+00 -2.232746124267578125e+00 1.999349517822265625e+02
-1.032182931900024414e+00 -2.232746124267578125e+00 1.999349517822265625e+02
-1.032904863357543945e+00 -2.249965667724609375e+00 1.999354248046875000e+02
-1.032904863357543945e+00 -2.249965667724609375e+00 1.999354248046875000e+02
-1.032904863357543945e+00 -2.249965667724609375e+00 1.999354248046875000e+02
-1.032904863357543945e+00 -2.249965667724609375e+00 1.999354248046875000e+02
-1.032230496406555176e+00 -2.268426895141601562e+00 1.999357910156250000e+02
-1.032230496406555176e+00 -2.268426895141601562e+00 1.999357910156250000e+02
-1.032230496406555176e+00 -2.268426895141601562e+00 1.999357910156250000e+02
-1.032230496406555176e+00 -2.268426895141601562e+00 1.999357910156250000e+02
-1.032364487648010254e+00 -2.287429809570312500e+00 1.999353179931640625e+02
-1.032364487648010254e+00 -2.287429809570312500e+00 1.999353179931640625e+02
-1.032364487648010254e+00 -2.287429809570312500e+00 1.999353179931640625e+02
-1.032364487648010254e+00 -2.287429809570312500e+00 1.999353179931640625e+02
-1.032366275787353516e+00 -2.296899795532226562e+00 1.999349517822265625e+02
-1.032366275787353516e+00 -2.296899795532226562e+00 1.999349517822265625e+02
-1.032366275787353516e+00 -2.296899795532226562e+00 1.999349517822265625e+02
-1.032366275787353516e+00 -2.296899795532226562e+00 1.999349517822265625e+02
-1.032368421554565430e+00 -2.313116073608398438e+00 1.999351196289062500e+02
-1.032368421554565430e+00 -2.313116073608398438e+00 1.999351196289062500e+02
-1.032368421554565430e+00 -2.313116073608398438e+00 1.999351196289062500e+02
-1.032368421554565430e+00 -2.313116073608398438e+00 1.999351196289062500e+02
-1.033107757568359375e+00 -2.331386566162109375e+00 1.999352722167968750e+02
-1.033107757568359375e+00 -2.331386566162109375e+00 1.999352722167968750e+02
-1.033107757568359375e+00 -2.331386566162109375e+00 1.999352722167968750e+02
-1.033107757568359375e+00 -2.331386566162109375e+00 1.999352722167968750e+02
-1.033078193664550781e+00 -2.344020843505859375e+00 1.999347839355468750e+02
-1.033078193664550781e+00 -2.344020843505859375e+00 1.999347839355468750e+02
-1.033078193664550781e+00 -2.344020843505859375e+00 1.999347839355468750e+02
-1.032766580581665039e+00 -2.354999542236328125e+00 1.999344635009765625e+02
-1.032766580581665039e+00 -2.354999542236328125e+00 1.999344635009765625e+02
-1.032766580581665039e+00 -2.354999542236328125e+00 1.999344635009765625e+02
-1.032766580581665039e+00 -2.354999542236328125e+00 1.999344635009765625e+02
-1.032790303230285645e+00 -2.374372482299804688e+00 1.999353332519531250e+02
-1.032790303230285645e+00 -2.374372482299804688e+00 1.999353332519531250e+02
-1.032790303230285645e+00 -2.374372482299804688e+00 1.999353332519531250e+02
-1.032790303230285645e+00 -2.374372482299804688e+00 1.999353332519531250e+02
-1.032782793045043945e+00 -2.389869689941406250e+00 1.999347991943359375e+02
-1.032782793045043945e+00 -2.389869689941406250e+00 1.999347991943359375e+02
-1.032782793045043945e+00 -2.389869689941406250e+00 1.999347991943359375e+02
-1.032782793045043945e+00 -2.389869689941406250e+00 1.999347991943359375e+02
-1.032428741455078125e+00 -2.402463912963867188e+00 1.999349365234375000e+02
-1.032428741455078125e+00 -2.402463912963867188e+00 1.999349365234375000e+02
-1.032428741455078125e+00 -2.402463912963867188e+00 1.999349365234375000e+02
-1.032428741455078125e+00 -2.402463912963867188e+00 1.999349365234375000e+02
-1.033016204833984375e+00 -2.421159744262695312e+00 1.999346160888671875e+02
-1.033016204833984375e+00 -2.421159744262695312e+00 1.999346160888671875e+02
-1.033016204833984375e+00 -2.421159744262695312e+00 1.999346160888671875e+02
-1.033016204833984375e+00 -2.421159744262695312e+00 1.999346160888671875e+02
-1.033099055290222168e+00 -2.436674118041992188e+00 1.999344635009765625e+02
-1.033099055290222168e+00 -2.436674118041992188e+00 1.999344635009765625e+02
-1.033099055290222168e+00 -2.436674118041992188e+00 1.999344635009765625e+02
-1.033099055290222168e+00 -2.436674118041992188e+00 1.999344635009765625e+02
-1.032575011253356934e+00 -2.448383331298828125e+00 1.999345550537109375e+02
-1.032575011253356934e+00 -2.448383331298828125e+00 1.999345550537109375e+02
-1.032575011253356934e+00 -2.448383331298828125e+00 1.999345550537109375e+02
-1.032575011253356934e+00 -2.448383331298828125e+00 1.999345550537109375e+02
-1.033247590065002441e+00 -2.471950531005859375e+00 1.999344177246093750e+02
-1.033247590065002441e+00 -2.471950531005859375e+00 1.999344177246093750e+02
-1.033247590065002441e+00 -2.471950531005859375e+00 1.999344177246093750e+02
-1.033247590065002441e+00 -2.471950531005859375e+00 1.999344177246093750e+02
-1.033705592155456543e+00 -2.486986160278320312e+00 1.999341888427734375e+02
-1.033705592155456543e+00 -2.486986160278320312e+00 1.999341888427734375e+02
-1.033705592155456543e+00 -2.486986160278320312e+00 1.999341888427734375e+02
-1.033705592155456543e+00 -2.486986160278320312e+00 1.999341888427734375e+02
-1.032461285591125488e+00 -2.497667312622070312e+00 1.999342956542968750e+02
-1.032461285591125488e+00 -2.497667312622070312e+00 1.999342956542968750e+02
-1.032461285591125488e+00 -2.497667312622070312e+00 1.999342956542968750e+02
-1.032461285591125488e+00 -2.497667312622070312e+00 1.999342956542968750e+02
-1.033465504646301270e+00 -2.517484664916992188e+00 1.999348754882812500e+02
-1.033465504646301270e+00 -2.517484664916992188e+00 1.999348754882812500e+02
-1.033465504646301270e+00 -2.517484664916992188e+00 1.999348754882812500e+02
-1.033465504646301270e+00 -2.517484664916992188e+00 1.999348754882812500e+02
-1.033612847328186035e+00 -2.529077529907226562e+00 1.999342651367187500e+02
-1.033612847328186035e+00 -2.529077529907226562e+00 1.999342651367187500e+02
-1.033612847328186035e+00 -2.529077529907226562e+00 1.999342651367187500e+02
-1.033612847328186035e+00 -2.529077529907226562e+00 1.999342651367187500e+02
-1.032759189605712891e+00 -2.541519165039062500e+00 1.999343414306640625e+02
-1.032759189605712891e+00 -2.541519165039062500e+00 1.999343414306640625e+02
-1.032759189605712891e+00 -2.541519165039062500e+00 1.999343414306640625e+02
-1.032997608184814453e+00 -2.559520721435546875e+00 1.999342956542968750e+02
-1.032997608184814453e+00 -2.559520721435546875e+00 1.999342956542968750e+02
-1.032997608184814453e+00 -2.559520721435546875e+00 1.999342956542968750e+02
-1.032997608184814453e+00 -2.559520721435546875e+00 1.999342956542968750e+02
-1.033321142196655273e+00 -2.575395584106445312e+00 1.999338531494140625e+02
-1.033321142196655273e+00 -2.575395584106445312e+00 1.999338531494140625e+02
-1.033321142196655273e+00 -2.575395584106445312e+00 1.999338531494140625e+02
-1.033321142196655273e+00 -2.575395584106445312e+00 1.999338531494140625e+02
-1.033503770828247070e+00 -2.591663360595703125e+00 1.999339752197265625e+02
-1.033503770828247070e+00 -2.591663360595703125e+00 1.999339752197265625e+02
-1.033503770828247070e+00 -2.591663360595703125e+00 1.999339752197265625e+02
-1.033503770828247070e+00 -2.591663360595703125e+00 1.999339752197265625e+02
-1.033561468124389648e+00 -2.608863830566406250e+00 1.999340515136718750e+02
-1.033561468124389648e+00 -2.608863830566406250e+00 1.999340515136718750e+02
-1.033561468124389648e+00 -2.608863830566406250e+00 1.999340515136718750e+02
-1.033561468124389648e+00 -2.608863830566406250e+00 1.999340515136718750e+02
-1.033353805541992188e+00 -2.623626708984375000e+00 1.999336853027343750e+02
-1.033353805541992188e+00 -2.623626708984375000e+00 1.999336853027343750e+02
-1.033353805541992188e+00 -2.623626708984375000e+00 1.999336853027343750e+02
-1.033353805541992188e+00 -2.623626708984375000e+00 1.999336853027343750e+02
-1.033862352371215820e+00 -2.637619018554687500e+00 1.999338836669921875e+02
-1.033862352371215820e+00 -2.637619018554687500e+00 1.999338836669921875e+02
-1.033862352371215820e+00 -2.637619018554687500e+00 1.999338836669921875e+02
-1.033862352371215820e+00 -2.637619018554687500e+00 1.999338836669921875e+02
-1.033836603164672852e+00 -2.657478332519531250e+00 1.999336395263671875e+02
-1.033836603164672852e+00 -2.657478332519531250e+00 1.999336395263671875e+02
-1.033836603164672852e+00 -2.657478332519531250e+00 1.999336395263671875e+02
-1.033836603164672852e+00 -2.657478332519531250e+00 1.999336395263671875e+02
-1.033621668815612793e+00 -2.667509078979492188e+00 1.999337158203125000e+02
-1.033621668815612793e+00 -2.667509078979492188e+00 1.999337158203125000e+02
-1.033621668815612793e+00 -2.667509078979492188e+00 1.999337158203125000e+02
-1.033621668815612793e+00 -2.667509078979492188e+00 1.999337158203125000e+02
-1.033339381217956543e+00 -2.687343597412109375e+00 1.999338378906250000e+02
-1.033339381217956543e+00 -2.687343597412109375e+00 1.999338378906250000e+02
-1.033339381217956543e+00 -2.687343597412109375e+00 1.999338378906250000e+02
-1.033339381217956543e+00 -2.687343597412109375e+00 1.999338378906250000e+02
-1.033499598503112793e+00 -2.700906753540039062e+00 1.999337005615234375e+02
-1.033499598503112793e+00 -2.700906753540039062e+00 1.999337005615234375e+02
-1.033499598503112793e+00 -2.700906753540039062e+00 1.999337005615234375e+02
-1.033499598503112793e+00 -2.700906753540039062e+00 1.999337005615234375e+02
-1.033922553062438965e+00 -2.715198516845703125e+00 1.999336700439453125e+02
-1.033922553062438965e+00 -2.715198516845703125e+00 1.999336700439453125e+02
-1.033922553062438965e+00 -2.715198516845703125e+00 1.999336700439453125e+02
-1.033922553062438965e+00 -2.715198516845703125e+00 1.999336700439453125e+02
-1.033394932746887207e+00 -2.732854843139648438e+00 1.999330444335937500e+02
-1.033394932746887207e+00 -2.732854843139648438e+00 1.999330444335937500e+02
-1.033394932746887207e+00 -2.732854843139648438e+00 1.999330444335937500e+02
-1.033394932746887207e+00 -2.732854843139648438e+00 1.999330444335937500e+02
-1.032804250717163086e+00 -2.748632431030273438e+00 1.999335784912109375e+02
-1.032804250717163086e+00 -2.748632431030273438e+00 1.999335784912109375e+02
-1.032804250717163086e+00 -2.748632431030273438e+00 1.999335784912109375e+02
-1.032804250717163086e+00 -2.748632431030273438e+00 1.999335784912109375e+02
-1.034145951271057129e+00 -2.763380050659179688e+00 1.999332885742187500e+02
-1.033728837966918945e+00 -2.763742446899414062e+00 1.999335021972656250e+02
-1.034020543098449707e+00 -2.764614105224609375e+00 1.999334106445312500e+02
-1.033857583999633789e+00 -2.769222259521484375e+00 1.999336090087890625e+02
-1.033812761306762695e+00 -2.779958724975585938e+00 1.999335632324218750e+02
-1.033916473388671875e+00 -2.783285140991210938e+00 1.999332122802734375e+02
-1.034088373184204102e+00 -2.784303665161132812e+00 1.999331817626953125e+02
-1.033517479896545410e+00 -2.788314819335937500e+00 1.999335479736328125e+02
-1.034017205238342285e+00 -2.788219451904296875e+00 1.999322509765625000e+02
